(10, 10, 10, 10)は(1.0, 1.0, 1.0, 1.0)なのでskip

(10, 10, 10, 100)は(1.0, 1.0, 1.0, 10.0)なのでskip

(10, 10, 100, 10)は(1.0, 1.0, 10.0, 1.0)なのでskip

(10, 10, 100, 100)は(1.0, 1.0, 10.0, 10.0)なのでskip

(10, 100, 10, 10)は(1.0, 10.0, 1.0, 1.0)なのでskip

(10, 100, 10, 100)は(1.0, 10.0, 1.0, 10.0)なのでskip

(10, 100, 100, 10)は(1.0, 10.0, 10.0, 1.0)なのでskip

(10, 100, 100, 100)は(1.0, 10.0, 10.0, 10.0)なのでskip

(100, 10, 10, 10)は(10.0, 1.0, 1.0, 1.0)なのでskip

(100, 10, 10, 100)は(10.0, 1.0, 1.0, 10.0)なのでskip

(100, 10, 100, 10)は(10.0, 1.0, 10.0, 1.0)なのでskip

(100, 10, 100, 100)は(10.0, 1.0, 10.0, 10.0)なのでskip

(100, 100, 10, 10)は(10.0, 10.0, 1.0, 1.0)なのでskip

(100, 100, 10, 100)は(10.0, 10.0, 1.0, 10.0)なのでskip

(100, 100, 100, 10)は(10.0, 10.0, 10.0, 1.0)なのでskip

(100, 100, 100, 100)は(1.0, 1.0, 1.0, 1.0)なのでskip

start...weights (1, 1, 1, 1)

end...result [34, 51, 37, 52, 44]
          43.6

start...weights (1, 1, 1, 10)

end...result [52, 59, 75, 49, 53]
          57.6

start...weights (1, 1, 1, 100)

end...result [65, 121, 29, 155, 70]
          88.0

start...weights (1, 1, 10, 1)

end...result [98, 101, 70, 100, 62]
          86.2

start...weights (1, 1, 10, 10)

end...result [204, 143, 58, 150, 136]
          138.2

start...weights (1, 1, 10, 100)

end...result [49, 52, 166, 158, 103]
          105.6

start...weights (1, 1, 100, 1)

end...result [94, 23, 214, 53, 67]
          90.2

start...weights (1, 1, 100, 10)

end...result [94, 144, 113, 287, 80]
          143.6

start...weights (1, 1, 100, 100)

end...result [49, 109, 131, 47, 113]
          89.8

start...weights (1, 10, 1, 1)

end...result [32, 33, 41, 35, 55]
          39.2

start...weights (1, 10, 1, 10)

end...result [32, 23, 26, 41, 29]
          30.2

start...weights (1, 10, 1, 100)

end...result [39, 34, 44, 83, 35]
          47.0

start...weights (1, 10, 10, 1)

end...result [34, 29, 26, 59, 34]
          36.4

start...weights (1, 10, 10, 10)

end...result [56, 23, 18, 38, 35]
          34.0

start...weights (1, 10, 10, 100)

end...result [64, 59, 36, 47, 32]
          47.6

start...weights (1, 10, 100, 1)

end...result [60, 79, 81, 60, 46]
          65.2

start...weights (1, 10, 100, 10)

end...result [46, 49, 77, 98, 65]
          67.0

start...weights (1, 10, 100, 100)

end...result [49, 102, 29, 202, 58]
          88.0

start...weights (1, 100, 1, 1)

end...result [23, 21, 23, 34, 26]
          25.4

start...weights (1, 100, 1, 10)

end...result [26, 42, 23, 58, 25]
          34.8

start...weights (1, 100, 1, 100)

end...result [38, 44, 23, 41, 35]
          36.2

start...weights (1, 100, 10, 1)

end...result [29, 35, 32, 38, 17]
          30.2

start...weights (1, 100, 10, 10)

end...result [16, 26, 26, 32, 31]
          26.2

start...weights (1, 100, 10, 100)

end...result [35, 23, 20, 34, 47]
          31.8

start...weights (1, 100, 100, 1)

end...result [29, 44, 37, 30, 44]
          36.8

start...weights (1, 100, 100, 10)

end...result [41, 34, 24, 22, 26]
          29.4

start...weights (1, 100, 100, 100)

end...result [25, 20, 44, 25, 56]
          34.0

start...weights (10, 1, 1, 1)

end...result [63, 62, 65, 35, 53]
          55.6

start...weights (10, 1, 1, 10)

end...result [69, 84, 51, 55, 110]
          73.8

start...weights (10, 1, 1, 100)

end...result [23, 121, 203, 51, 101]
          99.8

start...weights (10, 1, 10, 1)

end...result [151, 100, 73, 111, 81]
          103.2

start...weights (10, 1, 10, 10)

end...result [40, 93, 49, 77, 71]
          66.0

start...weights (10, 1, 10, 100)

end...result [144, 97, 127, 74, 74]
          103.2

start...weights (10, 1, 100, 1)

end...result [130, 52, 82, 161, 113]
          107.6

start...weights (10, 1, 100, 10)

end...result [200, 134, 42, 77, 81]
          106.8

start...weights (10, 1, 100, 100)

end...result [80, 155, 71, 50, 83]
          87.8

start...weights (10, 10, 1, 1)

end...result [41, 44, 26, 47, 55]
          42.6

start...weights (10, 10, 1, 10)

end...result [40, 38, 50, 53, 49]
          46.0

start...weights (10, 10, 1, 100)

end...result [56, 38, 47, 38, 42]
          44.2

start...weights (10, 10, 10, 1)

end...result [29, 59, 107, 40, 20]
          51.0

start...weights (10, 10, 100, 1)

end...result [130, 152, 142, 90, 93]
          121.4

start...weights (10, 100, 1, 1)

end...result [29, 26, 50, 35, 32]
          34.4

start...weights (10, 100, 1, 10)

end...result [26, 43, 38, 29, 44]
          36.0

start...weights (10, 100, 1, 100)

end...result [34, 29, 23, 14, 35]
          27.0

start...weights (10, 100, 10, 1)

end...result [31, 50, 32, 20, 20]
          30.6

start...weights (10, 100, 100, 1)

end...result [40, 32, 29, 55, 29]
          37.0

start...weights (100, 1, 1, 1)

end...result [93, 120, 77, 236, 115]
          128.2

start...weights (100, 1, 1, 10)

end...result [86, 44, 151, 58, 68]
          81.4

start...weights (100, 1, 1, 100)

end...result [70, 111, 74, 76, 95]
          85.2

start...weights (100, 1, 10, 1)

end...result [97, 44, 335, 56, 160]
          138.4

start...weights (100, 1, 10, 10)

end...result [52, 108, 67, 64, 113]
          80.8

start...weights (100, 1, 10, 100)

end...result [85, 51, 88, 56, 103]
          76.6

start...weights (100, 1, 100, 1)

end...result [53, 163, 116, 105, 103]
          108.0

start...weights (100, 1, 100, 10)

end...result [79, 83, 67, 69, 89]
          77.4

start...weights (100, 1, 100, 100)

end...result [82, 89, 122, 116, 38]
          89.4

start...weights (100, 10, 1, 1)

end...result [98, 196, 239, 118, 54]
          141.0

start...weights (100, 10, 1, 10)

end...result [50, 73, 140, 65, 60]
          77.6

start...weights (100, 10, 1, 100)

end...result [56, 45, 100, 113, 51]
          73.0

start...weights (100, 10, 10, 1)

end...result [91, 110, 24, 122, 101]
          89.6

start...weights (100, 10, 100, 1)

end...result [112, 113, 160, 148, 52]
          117.0

start...weights (100, 100, 1, 1)

end...result [31, 46, 38, 31, 26]
          34.4

start...weights (100, 100, 1, 10)

end...result [71, 28, 35, 46, 62]
          48.4

start...weights (100, 100, 1, 100)

end...result [23, 44, 56, 35, 59]
          43.4

start...weights (100, 100, 10, 1)

end...result [20, 26, 26, 71, 44]
          37.4

start...weights (100, 100, 100, 1)

end...result [61, 62, 35, 38, 40]
          47.2

[(43.6, (1, 1, 1, 1)), (57.6, (1, 1, 1, 10)), (88.0, (1, 1, 1, 100)), (86.2, (1, 1, 10, 1)), (138.2, (1, 1, 10, 10)), (105.6, (1, 1, 10, 100)), (90.2, (1, 1, 100, 1)), (143.6, (1, 1, 100, 10)), (89.8, (1, 1, 100, 100)), (39.2, (1, 10, 1, 1)), (30.2, (1, 10, 1, 10)), (47.0, (1, 10, 1, 100)), (36.4, (1, 10, 10, 1)), (34.0, (1, 10, 10, 10)), (47.6, (1, 10, 10, 100)), (65.2, (1, 10, 100, 1)), (67.0, (1, 10, 100, 10)), (88.0, (1, 10, 100, 100)), (25.4, (1, 100, 1, 1)), (34.8, (1, 100, 1, 10)), (36.2, (1, 100, 1, 100)), (30.2, (1, 100, 10, 1)), (26.2, (1, 100, 10, 10)), (31.8, (1, 100, 10, 100)), (36.8, (1, 100, 100, 1)), (29.4, (1, 100, 100, 10)), (34.0, (1, 100, 100, 100)), (55.6, (10, 1, 1, 1)), (73.8, (10, 1, 1, 10)), (99.8, (10, 1, 1, 100)), (103.2, (10, 1, 10, 1)), (66.0, (10, 1, 10, 10)), (103.2, (10, 1, 10, 100)), (107.6, (10, 1, 100, 1)), (106.8, (10, 1, 100, 10)), (87.8, (10, 1, 100, 100)), (42.6, (10, 10, 1, 1)), (46.0, (10, 10, 1, 10)), (44.2, (10, 10, 1, 100)), (51.0, (10, 10, 1...

スレッド 0x1 はコード 0 (0x0) で終了しました。
プログラム 'python.exe' はコード 0 (0x0) で終了しました。
