(0, 0, 0, 10)は(0.0, 0.0, 0.0, 1.0)なのでskip

(0, 0, 10, 0)は(0.0, 0.0, 1.0, 0.0)なのでskip

(0, 0, 10, 10)は(0.0, 0.0, 1.0, 1.0)なのでskip

(0, 10, 0, 0)は(0.0, 1.0, 0.0, 0.0)なのでskip

(0, 10, 0, 10)は(0.0, 1.0, 0.0, 1.0)なのでskip

(0, 10, 10, 0)は(0.0, 1.0, 1.0, 0.0)なのでskip

(0, 10, 10, 10)は(0.0, 1.0, 1.0, 1.0)なのでskip

(10, 0, 0, 0)は(1.0, 0.0, 0.0, 0.0)なのでskip

(10, 0, 0, 10)は(1.0, 0.0, 0.0, 1.0)なのでskip

(10, 0, 10, 0)は(1.0, 0.0, 1.0, 0.0)なのでskip

(10, 0, 10, 10)は(1.0, 0.0, 1.0, 1.0)なのでskip

(10, 10, 0, 0)は(1.0, 1.0, 0.0, 0.0)なのでskip

(10, 10, 0, 10)は(1.0, 1.0, 0.0, 1.0)なのでskip

(10, 10, 10, 0)は(1.0, 1.0, 1.0, 0.0)なのでskip

(10, 10, 10, 10)は(1.0, 1.0, 1.0, 1.0)なのでskip

start...weights (0, 0, 0, 0)

end...result [18, 19, 19, 17, 31]
          20.8

start...weights (0, 0, 0, 1)

end...result [91, 60, 46, 50, 127]
          74.8

start...weights (0, 0, 1, 0)

end...result [40, 46, 41, 41, 31]
          39.8

start...weights (0, 0, 1, 1)

end...result [55, 34, 59, 49, 55]
          50.4

start...weights (0, 0, 1, 10)

end...result [52, 67, 58, 38, 22]
          47.4

start...weights (0, 0, 10, 1)

end...result [69, 89, 52, 29, 67]
          61.2

start...weights (0, 1, 0, 0)

end...result [26, 20, 31, 35, 26]
          27.6

start...weights (0, 1, 0, 1)

end...result [25, 46, 44, 25, 35]
          35.0

start...weights (0, 1, 0, 10)

end...result [40, 68, 52, 31, 23]
          42.8

start...weights (0, 1, 1, 0)

end...result [32, 35, 26, 21, 20]
          26.8

start...weights (0, 1, 1, 1)

end...result [31, 40, 34, 52, 55]
          42.4

start...weights (0, 1, 1, 10)

end...result [35, 35, 65, 64, 19]
          43.6

start...weights (0, 1, 10, 0)

end...result [82, 92, 26, 100, 99]
          79.8

start...weights (0, 1, 10, 1)

end...result [39, 61, 84, 54, 33]
          54.2

start...weights (0, 1, 10, 10)

end...result [47, 148, 78, 121, 94]
          97.6

start...weights (0, 10, 0, 1)

end...result [38, 23, 28, 38, 23]
          30.0

start...weights (0, 10, 1, 0)

end...result [26, 17, 43, 35, 41]
          32.4

start...weights (0, 10, 1, 1)

end...result [29, 52, 26, 29, 38]
          34.8

start...weights (0, 10, 1, 10)

end...result [37, 41, 29, 38, 43]
          37.6

start...weights (0, 10, 10, 1)

end...result [29, 20, 29, 52, 20]
          30.0

start...weights (1, 0, 0, 0)

end...result [43, 29, 21, 26, 52]
          34.2

start...weights (1, 0, 0, 1)

end...result [31, 62, 29, 126, 32]
          56.0

start...weights (1, 0, 0, 10)

end...result [54, 46, 35, 70, 24]
          45.8

start...weights (1, 0, 1, 0)

end...result [45, 74, 62, 53, 77]
          62.2

start...weights (1, 0, 1, 1)

end...result [81, 50, 77, 55, 23]
          57.2

start...weights (1, 0, 1, 10)

end...result [45, 42, 50, 38, 35]
          42.0

start...weights (1, 0, 10, 0)

end...result [44, 70, 44, 47, 19]
          44.8

start...weights (1, 0, 10, 1)

end...result [80, 64, 31, 37, 41]
          50.6

start...weights (1, 0, 10, 10)

end...result [28, 61, 81, 48, 46]
          52.8

start...weights (1, 1, 0, 0)

end...result [61, 37, 41, 32, 86]
          51.4

start...weights (1, 1, 0, 1)

end...result [32, 50, 59, 37, 46]
          44.8

start...weights (1, 1, 0, 10)

end...result [89, 83, 39, 88, 87]
          77.2

start...weights (1, 1, 1, 0)

end...result [56, 86, 90, 76, 31]
          67.8

start...weights (1, 1, 1, 1)

end...result [71, 60, 80, 114, 25]
          70.0

start...weights (1, 1, 1, 10)

end...result [92, 34, 70, 48, 124]
          73.6

start...weights (1, 1, 10, 0)

end...result [84, 73, 97, 121, 169]
          108.8

start...weights (1, 1, 10, 1)

end...result [136, 139, 102, 74, 139]
          118.0

start...weights (1, 1, 10, 10)

end...result [64, 175, 147, 106, 64]
          111.2

start...weights (1, 10, 0, 0)

end...result [44, 29, 41, 44, 16]
          34.8

start...weights (1, 10, 0, 1)

end...result [29, 20, 23, 31, 28]
          26.2

start...weights (1, 10, 0, 10)

end...result [40, 38, 29, 29, 32]
          33.6

start...weights (1, 10, 1, 0)

end...result [38, 37, 50, 29, 24]
          35.6

start...weights (1, 10, 1, 1)

end...result [50, 39, 28, 26, 44]
          37.4

start...weights (1, 10, 1, 10)

end...result [26, 62, 22, 24, 37]
          34.2

start...weights (1, 10, 10, 0)

end...result [35, 40, 19, 17, 38]
          29.8

start...weights (1, 10, 10, 1)

end...result [35, 28, 43, 30, 29]
          33.0

start...weights (1, 10, 10, 10)

end...result [32, 17, 32, 37, 23]
          28.2

start...weights (10, 0, 0, 1)

end...result [37, 62, 23, 62, 46]
          46.0

start...weights (10, 0, 1, 0)

end...result [74, 38, 35, 77, 68]
          58.4

start...weights (10, 0, 1, 1)

end...result [28, 89, 35, 123, 83]
          71.6

start...weights (10, 0, 1, 10)

end...result [110, 91, 53, 35, 60]
          69.8

start...weights (10, 0, 10, 1)

end...result [95, 101, 52, 53, 55]
          71.2

start...weights (10, 1, 0, 0)

end...result [37, 176, 76, 53, 82]
          84.8

start...weights (10, 1, 0, 1)

end...result [51, 126, 56, 69, 123]
          85.0

start...weights (10, 1, 0, 10)

end...result [115, 46, 90, 45, 50]
          69.2

start...weights (10, 1, 1, 0)

end...result [70, 104, 210, 87, 227]
          139.6

start...weights (10, 1, 1, 1)

end...result [80, 98, 145, 99, 71]
          98.6

start...weights (10, 1, 1, 10)

end...result [109, 100, 113, 60, 97]
          95.8

start...weights (10, 1, 10, 0)

end...result [31, 131, 179, 74, 202]
          123.4

start...weights (10, 1, 10, 1)

end...result [149, 172, 104, 34, 70]
          105.8

start...weights (10, 1, 10, 10)

end...result [66, 235, 61, 65, 51]
          95.6

start...weights (10, 10, 0, 1)

end...result [43, 41, 29, 29, 29]
          34.2

start...weights (10, 10, 1, 0)

end...result [50, 50, 59, 67, 23]
          49.8

start...weights (10, 10, 1, 1)

end...result [26, 59, 46, 28, 36]
          39.0

start...weights (10, 10, 1, 10)

end...result [59, 31, 23, 80, 44]
          47.4

start...weights (10, 10, 10, 1)

end...result [62, 86, 44, 32, 56]
          56.0

[(20.8, (0, 0, 0, 0)), (74.8, (0, 0, 0, 1)), (39.8, (0, 0, 1, 0)), (50.4, (0, 0, 1, 1)), (47.4, (0, 0, 1, 10)), (61.2, (0, 0, 10, 1)), (27.6, (0, 1, 0, 0)), (35.0, (0, 1, 0, 1)), (42.8, (0, 1, 0, 10)), (26.8, (0, 1, 1, 0)), (42.4, (0, 1, 1, 1)), (43.6, (0, 1, 1, 10)), (79.8, (0, 1, 10, 0)), (54.2, (0, 1, 10, 1)), (97.6, (0, 1, 10, 10)), (30.0, (0, 10, 0, 1)), (32.4, (0, 10, 1, 0)), (34.8, (0, 10, 1, 1)), (37.6, (0, 10, 1, 10)), (30.0, (0, 10, 10, 1)), (34.2, (1, 0, 0, 0)), (56.0, (1, 0, 0, 1)), (45.8, (1, 0, 0, 10)), (62.2, (1, 0, 1, 0)), (57.2, (1, 0, 1, 1)), (42.0, (1, 0, 1, 10)), (44.8, (1, 0, 10, 0)), (50.6, (1, 0, 10, 1)), (52.8, (1, 0, 10, 10)), (51.4, (1, 1, 0, 0)), (44.8, (1, 1, 0, 1)), (77.2, (1, 1, 0, 10)), (67.8, (1, 1, 1, 0)), (70.0, (1, 1, 1, 1)), (73.6, (1, 1, 1, 10)), (108.8, (1, 1, 10, 0)), (118.0, (1, 1, 10, 1)), (111.2, (1, 1, 10, 10)), (34.8, (1, 10, 0, 0)), (26.2, (1, 10, 0, 1)), (33.6, (1, 10, 0, 10)), (35.6, (1, 10, 1, 0)), (37.4, (1, 10, 1, 1)), (34.2, (1, 10, 1,...

スレッド 0x1 はコード 0 (0x0) で終了しました。
プログラム 'python.exe' はコード 0 (0x0) で終了しました。
